inf	inf	inf	8.38145e-09
inf	8.38145e-09	8.38145e-09	4.66605e-09
1.2898e-06	1.13609e-08	1.15181e-08	5.84085e-09

8.38145e-09	8.38145e-09	8.38145e-09	2.55044e-08
8.38145e-09	inf	4.66605e-09	8.38145e-09
3.53824e-10	1.37863e-07	4.7712e-09	1.00045e-08

8.38145e-09	8.38145e-09	8.38145e-09	8.38145e-09
8.38145e-09	4.66605e-09	inf	8.38145e-09
7.90545e-09	4.93153e-09	1.05073e-07	1.06437e-08

9.26553e-11	9.26553e-11	4.66605e-09	2.55044e-08
9.26553e-11	8.38145e-09	8.38145e-09	inf
7.95355e-11	7.12515e-09	6.66445e-09	1.55961e-07

	
inf	inf	inf	8.38145e-09
inf	8.38145e-09	4.15528e-10	4.66605e-09
2.33654e-07	1.10257e-08	1.32706e-08	6.06895e-09

8.38145e-09	8.38145e-09	8.38145e-09	2.55044e-08
8.38145e-09	inf	4.66605e-09	8.38145e-09
6.97183e-09	7.71199e-08	5.06003e-09	8.86399e-09

8.38145e-09	8.38145e-09	8.38145e-09	4.15528e-10
8.38145e-09	4.66605e-09	inf	8.38145e-09
7.25599e-09	4.42105e-09	7.46711e-08	1.31174e-08

4.66605e-09	4.66605e-09	9.26553e-11	2.55044e-08
9.26553e-11	8.38145e-09	8.38145e-09	inf
3.98569e-09	6.01359e-09	6.66428e-09	9.13927e-08

	
inf	inf	inf	8.38145e-09
inf	8.38145e-09	8.38145e-09	4.66605e-09
9.24565e-08	1.3316e-08	8.38649e-09	6.27756e-09

8.38145e-09	8.38145e-09	8.38145e-09	2.55044e-08
8.38145e-09	inf	4.66605e-09	8.38145e-09
7.05882e-09	8.05611e-08	5.9674e-11	9.54597e-09

8.38145e-09	8.38145e-09	8.38145e-09	8.38145e-09
8.38145e-09	4.66605e-09	inf	8.38145e-09
5.91099e-09	5.1907e-09	1.02548e-07	1.2702e-08

4.66605e-09	9.26553e-11	4.66605e-09	2.55044e-08
9.26553e-11	8.38145e-09	8.38145e-09	inf
3.64515e-09	6.92447e-09	1.71972e-10	8.92363e-08

	
inf	inf	inf	inf
inf	8.38145e-09	8.38145e-09	9.26553e-11
4.48072e-06	9.77399e-09	1.07827e-08	1.14684e-10

8.38145e-09	8.38145e-09	8.38145e-09	8.38145e-09
8.38145e-09	inf	9.26553e-11	8.38145e-09
8.3175e-09	5.17832e-07	4.67357e-09	9.91493e-09

8.38145e-09	8.38145e-09	8.38145e-09	8.38145e-09
8.38145e-09	4.66605e-09	inf	8.38145e-09
8.05292e-09	1.10256e-10	1.32856e-07	8.36981e-09

4.66605e-09	9.26553e-11	9.26553e-11	4.66605e-09
9.26553e-11	8.38145e-09	8.38145e-09	inf
4.5566e-09	8.24559e-09	2.38628e-10	4.49947e-07

	
inf	8.38145e-09	8.38145e-09	9.26553e-11
inf	8.38145e-09	8.38145e-09	9.26553e-11
5.97433e-08	1.17829e-08	1.0373e-08	5.28723e-09

8.38145e-09	inf	4.66605e-09	8.38145e-09
8.38145e-09	inf	9.26553e-11	8.38145e-09
5.92474e-09	1.23388e-07	4.53828e-09	1.07104e-08

8.38145e-09	4.66605e-09	inf	8.38145e-09
8.38145e-09	4.66605e-09	inf	8.38145e-09
5.72318e-09	5.02669e-09	1.32786e-07	8.41506e-09

4.66605e-09	8.38145e-09	8.38145e-09	inf
9.26553e-11	8.38145e-09	8.38145e-09	inf
3.33089e-09	7.16171e-09	6.59581e-09	2.45291e-07

	
