1.42963e-06	1.42963e-06	1.42963e-06	7.79113e-09
1.42963e-06	7.74987e-09	4.03244e-10	8.26138e-11
3.06251e-06	1.03645e-08	1.15261e-08	5.5534e-09

2.13059e-07	2.13059e-07	2.13059e-07	1.06928e-08
2.13059e-07	1.09431e-08	8.4974e-09	1.33167e-10
1.37436e-07	1.55867e-08	1.11225e-08	6.85086e-09

1.30894e-07	1.30894e-07	1.30894e-07	1.08177e-08
1.30894e-07	1.20324e-08	3.31485e-10	5.29193e-09
9.99804e-08	1.78474e-08	9.77017e-09	6.70479e-09

7.41877e-09	7.41877e-09	7.41877e-09	8.72149e-08
7.41877e-09	1.31157e-08	1.15628e-08	5.15059e-08
6.8619e-09	1.15986e-08	9.68949e-09	1.63636e-07

	
1.26566e-07	1.26566e-07	1.26566e-07	6.76879e-09
1.26566e-07	7.75261e-09	6.16798e-09	5.74571e-11
2.25487e-07	1.0954e-08	9.05073e-09	4.8267e-09

6.05108e-07	6.05108e-07	6.05108e-07	9.6208e-09
6.05108e-07	9.54275e-09	8.75251e-09	1.16206e-10
1.10739e-07	1.25871e-08	1.36382e-08	6.69268e-09

1.0696e-07	1.0696e-07	1.0696e-07	1.10969e-08
1.0696e-07	9.08652e-09	1.24069e-08	5.98933e-09
5.05189e-08	1.07827e-08	2.14019e-08	8.29334e-09

7.07644e-09	7.07644e-09	7.07644e-09	2.59868e-07
7.07644e-09	1.8394e-08	8.54388e-09	4.15809e-08
5.78891e-09	1.14535e-08	7.84217e-09	4.95148e-08

	
1.03811e-07	1.03811e-07	1.03811e-07	5.95394e-09
1.03811e-07	1.96875e-10	6.6233e-09	3.64093e-09
2.52287e-07	9.3677e-09	7.02675e-09	9.45282e-11

1.5569e-07	1.5569e-07	1.5569e-07	8.60847e-09
1.5569e-07	1.00933e-08	6.70283e-09	4.52529e-09
1.10059e-07	1.77374e-08	2.18163e-10	5.93166e-09

1.07691e-07	1.07691e-07	1.07691e-07	6.21634e-09
1.07691e-07	6.90422e-09	6.16801e-09	5.05189e-11
2.05251e-06	1.07017e-08	6.38683e-09	4.7302e-09

1.1051e-08	1.1051e-08	1.1051e-08	1.96526e-07
1.1051e-08	3.00956e-08	8.94332e-09	1.72564e-08
7.82445e-09	2.79949e-08	2.41496e-10	2.69138e-08

	
4.65507e-07	4.65507e-07	4.65507e-07	4.65507e-07
4.65507e-07	7.6261e-09	9.53205e-09	9.59032e-11
3.43973e-07	8.8052e-09	1.27404e-08	5.11358e-09

1.53354e-07	1.53354e-07	1.53354e-07	1.53354e-07
1.53354e-07	9.37757e-09	1.11955e-08	1.60126e-10
1.2451e-07	1.10014e-08	1.45728e-08	2.01541e-10

6.67029e-07	6.67029e-07	6.67029e-07	6.67029e-07
6.67029e-07	8.77098e-09	7.48056e-09	4.50283e-09
1.08815e-06	1.02776e-08	9.39949e-09	1.05264e-10

7.71499e-08	7.71499e-08	7.71499e-08	7.71499e-08
7.71499e-08	2.46375e-10	1.34098e-08	5.1632e-09
6.79819e-08	7.77909e-09	1.96923e-08	5.53789e-09

	
6.96982e-08	5.96189e-09	6.03888e-09	3.41982e-09
6.96982e-08	5.96189e-09	6.03888e-09	3.41982e-09
1.90885e-06	8.00889e-09	7.50515e-09	3.79245e-09

1.01957e-08	2.01024e-07	1.51681e-10	9.88081e-09
1.01957e-08	2.01024e-07	1.51681e-10	9.88081e-09
6.71142e-09	1.32522e-07	5.48303e-09	1.29869e-08

1.17688e-08	5.40993e-09	1.49158e-07	8.09005e-09
1.17688e-08	5.40993e-09	1.49158e-07	3.79512e-10
7.43792e-09	6.02252e-09	2.08675e-07	8.46196e-09

5.99869e-09	1.29236e-08	8.81659e-09	9.68351e-08
5.99869e-09	1.29236e-08	8.81659e-09	9.68351e-08
6.62664e-11	1.07458e-08	7.21675e-09	3.88171e-07

	
