2.47589e-06	2.47589e-06	2.47589e-06	3.85121e-10
1.2898e-06	7.87175e-09	7.90545e-09	4.39611e-09
inf	1.06149e-08	1.08619e-08	5.45773e-09

8.3273e-09	8.3273e-09	8.3273e-09	1.97146e-08
1.13609e-08	1.37863e-07	4.93153e-09	7.12515e-09
1.06149e-08	inf	5.23611e-09	8.70236e-09

1.17661e-08	1.17661e-08	1.17661e-08	9.60362e-09
1.15181e-08	4.7712e-09	1.05073e-07	6.66445e-09
1.08619e-08	5.23611e-09	inf	8.46065e-09

5.12044e-09	5.12044e-09	1.17564e-10	3.74844e-08
5.84085e-09	1.00045e-08	1.06437e-08	1.55961e-07
1.38438e-10	8.70236e-09	8.46065e-09	inf

	
5.59106e-07	5.59106e-07	5.59106e-07	3.44646e-10
2.33654e-07	2.59239e-10	7.25599e-09	3.98569e-09
inf	9.22103e-09	1.13446e-08	5.07104e-09

8.09635e-09	8.09635e-09	3.80269e-10	1.47027e-08
1.10257e-08	7.71199e-08	4.42105e-09	6.01359e-09
9.22103e-09	inf	5.08522e-09	2.31683e-10

1.3547e-08	1.3547e-08	1.3547e-08	9.97492e-09
1.32706e-08	1.14043e-10	7.46711e-08	6.66428e-09
1.13446e-08	1.15503e-10	inf	9.97234e-09

1.05872e-10	4.91532e-09	4.91532e-09	3.13215e-08
6.06895e-09	8.86399e-09	1.31174e-08	9.13927e-08
1.1468e-10	6.67264e-09	9.97234e-09	inf

	
1.02952e-07	1.02952e-07	1.02952e-07	6.81205e-09
9.24565e-08	7.05882e-09	5.91099e-09	4.9218e-11
inf	1.1054e-08	6.08234e-09	9.23628e-11

8.32142e-09	8.32142e-09	4.07944e-10	1.94651e-08
1.3316e-08	8.05611e-08	1.21741e-10	6.92447e-09
1.1054e-08	inf	4.48082e-09	8.51244e-09

8.76562e-09	8.76562e-09	8.76562e-09	8.56629e-09
8.38649e-09	5.9674e-11	1.02548e-07	5.93989e-09
6.08234e-09	8.35217e-11	inf	8.32751e-09

5.08429e-09	5.08429e-09	5.08429e-09	3.62877e-08
6.27756e-09	9.54597e-09	1.2702e-08	8.92363e-08
4.66029e-09	8.51244e-09	8.32751e-09	inf

	
4.60023e-06	4.60023e-06	4.60023e-06	4.60023e-06
4.48072e-06	8.3175e-09	8.05292e-09	4.5566e-09
inf	9.69465e-09	1.03116e-08	4.95041e-09

8.3812e-09	8.3812e-09	8.3812e-09	8.3812e-09
9.77399e-09	5.17832e-07	4.99378e-09	8.24559e-09
9.69465e-09	inf	1.1392e-10	9.73693e-09

1.09848e-08	1.09848e-08	1.09848e-08	1.09848e-08
1.07827e-08	9.30384e-11	1.32856e-07	6.75001e-09
1.03116e-08	1.1392e-10	inf	6.87284e-09

1.13689e-10	5.05389e-09	1.13689e-10	5.05389e-09
5.07112e-09	9.91493e-09	4.1405e-10	4.49947e-07
1.0782e-10	9.73693e-09	6.87284e-09	inf

	
9.59158e-08	8.00507e-09	5.85568e-09	3.82717e-09
5.97433e-08	5.92474e-09	5.72318e-09	3.90665e-11
inf	7.97362e-09	7.05297e-09	3.69414e-09

4.09608e-10	5.795e-07	7.76743e-11	7.34148e-09
1.17829e-08	1.23388e-07	5.02669e-09	7.16171e-09
7.97362e-09	inf	5.04663e-09	8.94115e-09

1.06159e-08	1.22798e-10	2.61764e-07	8.2627e-09
1.0373e-08	8.62932e-11	1.32786e-07	6.59581e-09
7.05297e-09	5.04663e-09	inf	6.7834e-09

5.22843e-09	1.0712e-08	8.25427e-09	2.46807e-07
5.28723e-09	1.07104e-08	8.41506e-09	2.45291e-07
3.69414e-09	8.94115e-09	6.7834e-09	inf

	
